1:
  avg_between: -0.002304741463120024
  avg_within: 0.3437667063429284
  ci_lower: 0.33485922765100545
  ci_upper: 0.35734901112877127
  observed_difference: 0.3460714478060484
  p_value: 0.0
2:
  avg_between: 0.008742504815528107
  avg_within: 0.06075365344639378
  ci_lower: 0.042005923120125375
  ci_upper: 0.06249303164678002
  observed_difference: 0.05201114863086567
  p_value: 0.0
3:
  avg_between: 0.02350302579971673
  avg_within: 0.16239446613192224
  ci_lower: 0.12912897143342203
  ci_upper: 0.14814673338291529
  observed_difference: 0.13889144033220552
  p_value: 0.0
4:
  avg_between: 0.016329891862699637
  avg_within: 0.047176251332994204
  ci_lower: 0.022450127715808836
  ci_upper: 0.03965300975213438
  observed_difference: 0.030846359470294567
  p_value: 0.0
