1:
  avg_between: -0.00928671332867026
  avg_within: 0.32813504479349614
  ci_lower: 0.32678634270400614
  ci_upper: 0.3482103275238236
  observed_difference: 0.3374217581221664
  p_value: 0.0
2:
  avg_between: 0.0073866238576716925
  avg_within: 0.06388744370895887
  ci_lower: 0.046095140416804396
  ci_upper: 0.06712819026517185
  observed_difference: 0.05650081985128717
  p_value: 0.0
3:
  avg_between: 0.018951234387063767
  avg_within: 0.16644946647427986
  ci_lower: 0.13765785294724106
  ci_upper: 0.15770136764775802
  observed_difference: 0.14749823208721607
  p_value: 0.0
4:
  avg_between: 0.01382267867557866
  avg_within: 0.04644586749820408
  ci_lower: 0.02353420020484087
  ci_upper: 0.04200139334803383
  observed_difference: 0.03262318882262542
  p_value: 0.0
