1:
  avg_between: 0.9139302465078342
  avg_within: 0.9515488050126941
  ci_lower: 0.03502947562747101
  ci_upper: 0.04016065738977544
  observed_difference: 0.037618558504859956
  p_value: 0.0
2:
  avg_between: 0.908084247123059
  avg_within: 0.9150790634920954
  ci_lower: 0.003470623362369135
  ci_upper: 0.010578343158183953
  observed_difference: 0.006994816369036427
  p_value: 0.0
3:
  avg_between: 0.9051508737075844
  avg_within: 0.911812814192947
  ci_lower: 0.0026633402726256583
  ci_upper: 0.010734168680112679
  observed_difference: 0.006661940485362616
  p_value: 0.0005
4:
  avg_between: 0.898414870698273
  avg_within: 0.8884582726218269
  ci_lower: -0.015082568462419652
  ci_upper: -0.004811650712473765
  observed_difference: -0.00995659807644611
  p_value: 0.9999
