1:
  avg_between: 0.46569356251141736
  avg_within: 0.7690227988997873
  ci_lower: 0.2943643029787601
  ci_upper: 0.3123697412602479
  observed_difference: 0.30332923638836995
  p_value: 0.0
2:
  avg_between: 0.4981148870620575
  avg_within: 0.5445061272307264
  ci_lower: 0.03868123649203408
  ci_upper: 0.05425170685501692
  observed_difference: 0.04639124016866897
  p_value: 0.0
3:
  avg_between: 0.5132120038605623
  avg_within: 0.6381844955029315
  ci_lower: 0.11690105507110977
  ci_upper: 0.1329983483146652
  observed_difference: 0.12497249164236923
  p_value: 0.0
4:
  avg_between: 0.5059042009057403
  avg_within: 0.533840844954982
  ci_lower: 0.017353547986829584
  ci_upper: 0.03873043541988009
  observed_difference: 0.027936644049241677
  p_value: 0.0
