1:
  avg_between: 0.06881101416043235
  avg_within: 0.49403202684371267
  ci_lower: 0.4128361189782783
  ci_upper: 0.4374521444710501
  observed_difference: 0.42522101268328033
  p_value: 0.0
2:
  avg_between: 0.10106240477677082
  avg_within: 0.20236533049847574
  ci_lower: 0.08897309100519067
  ci_upper: 0.11376583891597808
  observed_difference: 0.10130292572170492
  p_value: 0.0
3:
  avg_between: 0.08644214347286415
  avg_within: 0.22858741641849387
  ci_lower: 0.12998247784976685
  ci_upper: 0.1541433978925067
  observed_difference: 0.14214527294562973
  p_value: 0.0
4:
  avg_between: 0.09852263061434326
  avg_within: 0.1531626449781457
  ci_lower: 0.04205888804005426
  ci_upper: 0.06726864801041971
  observed_difference: 0.05464001436380243
  p_value: 0.0
