1:
  avg_between: 0.4183161082811642
  avg_within: 0.5713625707327099
  ci_lower: 0.14401559402995176
  ci_upper: 0.16201467922876703
  observed_difference: 0.15304646245154568
  p_value: 0.0
2:
  avg_between: 0.4349518312141729
  avg_within: 0.4379594960965752
  ci_lower: -0.007646504234288701
  ci_upper: 0.013244245377235758
  observed_difference: 0.0030076648824022834
  p_value: 0.2868
3:
  avg_between: 0.4297993245984774
  avg_within: 0.46982524300150647
  ci_lower: 0.028263160910694776
  ci_upper: 0.051372002453504116
  observed_difference: 0.04002591840302905
  p_value: 0.0
4:
  avg_between: 0.42699748398294685
  avg_within: 0.43249939684900773
  ci_lower: -0.00805572312995331
  ci_upper: 0.018914124029831256
  observed_difference: 0.005501912866060887
  p_value: 0.2127
