1:
  avg_between: 0.10573598805017935
  avg_within: 0.4786389382563037
  ci_lower: 0.3609879923981486
  ci_upper: 0.38478317209473245
  observed_difference: 0.37290295020612435
  p_value: 0.0
2:
  avg_between: 0.12882992034365362
  avg_within: 0.2167055987351907
  ci_lower: 0.07629326953800661
  ci_upper: 0.1001766662630498
  observed_difference: 0.0878756783915371
  p_value: 0.0
3:
  avg_between: 0.11066347387016441
  avg_within: 0.22345945633428113
  ci_lower: 0.10171587228410779
  ci_upper: 0.12415514738201372
  observed_difference: 0.11279598246411672
  p_value: 0.0
4:
  avg_between: 0.12190532288642286
  avg_within: 0.17069519531708782
  ci_lower: 0.03698513254034169
  ci_upper: 0.06066801384466823
  observed_difference: 0.04878987243066496
  p_value: 0.0
