1:
  avg_between: 0.9760026270927891
  avg_within: 0.9893265465565462
  ci_lower: 0.011992413264773188
  ci_upper: 0.014640340686619412
  observed_difference: 0.013323919463757106
  p_value: 0.0
2:
  avg_between: 0.9778089088733187
  avg_within: 0.9785141605577156
  ci_lower: -0.0010817465038964412
  ci_upper: 0.0024074996223363452
  observed_difference: 0.0007052516843968348
  p_value: 0.2143
3:
  avg_between: 0.9736041985975464
  avg_within: 0.9741930601871315
  ci_lower: -0.0012876431569740193
  ci_upper: 0.0025084076322653913
  observed_difference: 0.0005888615895850435
  p_value: 0.2665
4:
  avg_between: 0.9793737562863999
  avg_within: 0.9825710949456496
  ci_lower: 0.0019035960157142596
  ci_upper: 0.004421783899989745
  observed_difference: 0.00319733865924976
  p_value: 0.0
