1:
  avg_between: 0.7851035287819031
  avg_within: 0.8072400804074445
  ci_lower: 0.017621637215217253
  ci_upper: 0.026682755900201596
  observed_difference: 0.0221365516255414
  p_value: 0.0
2:
  avg_between: 0.7901406421610749
  avg_within: 0.8013341343951185
  ci_lower: 0.006502609193661554
  ci_upper: 0.015872713408941065
  observed_difference: 0.011193492234043534
  p_value: 0.0
3:
  avg_between: 0.7864918279383982
  avg_within: 0.7963818992344113
  ci_lower: 0.005066515715830289
  ci_upper: 0.01473585356736643
  observed_difference: 0.009890071296013048
  p_value: 0.0
4:
  avg_between: 0.7878478140905024
  avg_within: 0.7871328069431871
  ci_lower: -0.006259303501241517
  ci_upper: 0.004647923249019301
  observed_difference: -0.0007150071473153163
  p_value: 0.5981
