1:
  avg_between: 0.06792691289994544
  avg_within: 0.4706011828029461
  ci_lower: 0.3905871503840055
  ci_upper: 0.41435866375892066
  observed_difference: 0.40267426990300065
  p_value: 0.0
2:
  avg_between: 0.10418751181528547
  avg_within: 0.2022282852911249
  ci_lower: 0.0869282463263117
  ci_upper: 0.10931250401333317
  observed_difference: 0.09804077347583944
  p_value: 0.0
3:
  avg_between: 0.09228585019492112
  avg_within: 0.2479146694902173
  ci_lower: 0.14330011814982546
  ci_upper: 0.16790155082843136
  observed_difference: 0.15562881929529615
  p_value: 0.0
4:
  avg_between: 0.10479115007551054
  avg_within: 0.15755548288313878
  ci_lower: 0.04061717213129868
  ci_upper: 0.06496336667110723
  observed_difference: 0.05276433280762824
  p_value: 0.0
