1:
  avg_between: 0.9520090168771169
  avg_within: 0.9615381795543034
  ci_lower: 0.008315216702861335
  ci_upper: 0.01072719809715358
  observed_difference: 0.009529162677186509
  p_value: 0.0
2:
  avg_between: 0.9495046207232812
  avg_within: 0.9494934361050824
  ci_lower: -0.0017400812396614618
  ci_upper: 0.0016563208915487653
  observed_difference: -1.1184618198822882e-05
  p_value: 0.5111
3:
  avg_between: 0.9502234117060021
  avg_within: 0.958608229604933
  ci_lower: 0.007076488835313588
  ci_upper: 0.009683555016908891
  observed_difference: 0.008384817898930863
  p_value: 0.0
4:
  avg_between: 0.9508301316997491
  avg_within: 0.9516431285156556
  ci_lower: -0.0005699854111251178
  ci_upper: 0.002202290790249627
  observed_difference: 0.0008129968159065193
  p_value: 0.1254
