1:
  avg_between: 0.22535132983851827
  avg_within: 0.5246091331986461
  ci_lower: 0.28891219064717205
  ci_upper: 0.3096998707070128
  observed_difference: 0.29925780336012786
  p_value: 0.0
2:
  avg_between: 0.21592638363714922
  avg_within: 0.26857963528994977
  ci_lower: 0.0420266785413579
  ci_upper: 0.06366223368237758
  observed_difference: 0.05265325165280055
  p_value: 0.0
3:
  avg_between: 0.25123041192141476
  avg_within: 0.4003296407866948
  ci_lower: 0.1391418454311079
  ci_upper: 0.15912820567178154
  observed_difference: 0.14909922886528004
  p_value: 0.0
4:
  avg_between: 0.2300069060940082
  avg_within: 0.2644557677290178
  ci_lower: 0.02352977092170894
  ci_upper: 0.04552339701362179
  observed_difference: 0.0344488616350096
  p_value: 0.0
