1:
  avg_between: 0.07489253241674525
  avg_within: 0.4950261564908421
  ci_lower: 0.4072173318333273
  ci_upper: 0.4326954637156556
  observed_difference: 0.4201336240740968
  p_value: 0.0
2:
  avg_between: 0.1025473718254658
  avg_within: 0.19337871479337304
  ci_lower: 0.07907212562692238
  ci_upper: 0.10317038827444802
  observed_difference: 0.09083134296790724
  p_value: 0.0
3:
  avg_between: 0.08838203939364575
  avg_within: 0.22396321181319886
  ci_lower: 0.12359781536463241
  ci_upper: 0.14741182839057052
  observed_difference: 0.13558117241955311
  p_value: 0.0
4:
  avg_between: 0.09982425083687978
  avg_within: 0.14574559432391823
  ci_lower: 0.034086089515848815
  ci_upper: 0.05772290803465159
  observed_difference: 0.045921343487038455
  p_value: 0.0
