1:
  avg_between: 0.7096888420716931
  avg_within: 0.8345859722225147
  ci_lower: 0.12043828225586826
  ci_upper: 0.12934167458619736
  observed_difference: 0.1248971301508216
  p_value: 0.0
2:
  avg_between: 0.7240117150327482
  avg_within: 0.7557746853865921
  ci_lower: 0.02714866036296302
  ci_upper: 0.03647843964288115
  observed_difference: 0.0317629703538439
  p_value: 0.0
3:
  avg_between: 0.7101403108227865
  avg_within: 0.7355770840565001
  ci_lower: 0.019574714975817357
  ci_upper: 0.031208359243665745
  observed_difference: 0.025436773233713628
  p_value: 0.0
4:
  avg_between: 0.7134243771522627
  avg_within: 0.7106231599103584
  ci_lower: -0.010310700343620286
  ci_upper: 0.0046111268376576135
  observed_difference: -0.002801217241904297
  p_value: 0.7732
