1:
  avg_between: 0.23024836464180956
  avg_within: 0.4380728747545167
  ci_lower: 0.19807801715784606
  ci_upper: 0.21758643096232083
  observed_difference: 0.2078245101127071
  p_value: 0.0
2:
  avg_between: 0.27284585176900805
  avg_within: 0.30109248531618504
  ci_lower: 0.020280678697626963
  ci_upper: 0.03620046020721839
  observed_difference: 0.02824663354717699
  p_value: 0.0
3:
  avg_between: 0.2670431556372143
  avg_within: 0.3510678702763202
  ci_lower: 0.07370780666237135
  ci_upper: 0.09431239758594426
  observed_difference: 0.08402471463910588
  p_value: 0.0
4:
  avg_between: 0.27558154321040795
  avg_within: 0.3147419079669301
  ci_lower: 0.029211255263971486
  ci_upper: 0.04927323975476662
  observed_difference: 0.039160364756522126
  p_value: 0.0
