1:
  avg_between: 0.06843692538288038
  avg_within: 0.4913070101500246
  ci_lower: 0.41100073159797534
  ci_upper: 0.43468191807371587
  observed_difference: 0.4228700847671442
  p_value: 0.0
2:
  avg_between: 0.10196334655377794
  avg_within: 0.20304221491062777
  ci_lower: 0.08909990729798556
  ci_upper: 0.11358121288849622
  observed_difference: 0.10107886835684983
  p_value: 0.0
3:
  avg_between: 0.08797502398757427
  avg_within: 0.23303980689973863
  ci_lower: 0.1326652189560325
  ci_upper: 0.1569700706244685
  observed_difference: 0.14506478291216435
  p_value: 0.0
4:
  avg_between: 0.09962797267350687
  avg_within: 0.1555460549958483
  ci_lower: 0.04337458257970277
  ci_upper: 0.06910082800532373
  observed_difference: 0.05591808232234144
  p_value: 0.0
