1:
  avg_between: 0.07814185552805766
  avg_within: 0.47121921564537933
  ci_lower: 0.3808014198832869
  ci_upper: 0.4049254833704061
  observed_difference: 0.39307736011732164
  p_value: 0.0
2:
  avg_between: 0.10872303673812135
  avg_within: 0.20044897973387737
  ci_lower: 0.08008421051888172
  ci_upper: 0.10330840917363067
  observed_difference: 0.09172594299575602
  p_value: 0.0
3:
  avg_between: 0.09220924840532618
  avg_within: 0.20757738613523494
  ci_lower: 0.10521031123344089
  ci_upper: 0.12566811644421752
  observed_difference: 0.11536813772990875
  p_value: 0.0
4:
  avg_between: 0.10533772021334291
  avg_within: 0.15711837107237578
  ci_lower: 0.04013862349630802
  ci_upper: 0.06363052495383291
  observed_difference: 0.05178065085903287
  p_value: 0.0
