1:
  avg_between: 0.10653320194078643
  avg_within: 0.5681471550266792
  ci_lower: 0.450367610854674
  ci_upper: 0.47263594143909976
  observed_difference: 0.4616139530858928
  p_value: 0.0
2:
  avg_between: 0.13524049010904768
  avg_within: 0.22514547360571058
  ci_lower: 0.07767314296007094
  ci_upper: 0.10251618580856543
  observed_difference: 0.0899049834966629
  p_value: 0.0
3:
  avg_between: 0.11699643546292561
  avg_within: 0.25776966299063786
  ci_lower: 0.12912442599326687
  ci_upper: 0.15259777304075434
  observed_difference: 0.14077322752771226
  p_value: 0.0
4:
  avg_between: 0.13185343579138664
  avg_within: 0.17586438698748189
  ci_lower: 0.03184026096097041
  ci_upper: 0.056514645647451026
  observed_difference: 0.044010951196095244
  p_value: 0.0
