1:
  avg_between: 0.9701678159541033
  avg_within: 0.9781344613528818
  ci_lower: 0.007173408011155824
  ci_upper: 0.008771815819580763
  observed_difference: 0.00796664539877856
  p_value: 0.0
2:
  avg_between: 0.9698053562206983
  avg_within: 0.9700152771732273
  ci_lower: -0.0011293422297781464
  ci_upper: 0.0015206090305272865
  observed_difference: 0.0002099209525290302
  p_value: 0.3802
3:
  avg_between: 0.970735350416724
  avg_within: 0.9740024021279426
  ci_lower: 0.0021220214755720253
  ci_upper: 0.004384741489686902
  observed_difference: 0.0032670517112186603
  p_value: 0.0
4:
  avg_between: 0.9701202385749254
  avg_within: 0.9694240523822768
  ci_lower: -0.0020139467966521856
  ci_upper: 0.0006275824868503088
  observed_difference: -0.0006961861926485513
  p_value: 0.8458
