1:
  avg_between: 0.03435062448333726
  avg_within: 0.3836768739664118
  ci_lower: 0.33715360865954586
  ci_upper: 0.36158801094068715
  observed_difference: 0.34932624948307456
  p_value: 0.0
2:
  avg_between: 0.044298751131785864
  avg_within: 0.07852334927441497
  ci_lower: 0.026637204886127894
  ci_upper: 0.04229736212542087
  observed_difference: 0.034224598142629105
  p_value: 0.0
3:
  avg_between: 0.03032094155658233
  avg_within: 0.11718840921125767
  ci_lower: 0.07785071500354317
  ci_upper: 0.09564086999481347
  observed_difference: 0.08686746765467535
  p_value: 0.0
4:
  avg_between: 0.04043130174526054
  avg_within: 0.06280621614615729
  ci_lower: 0.014416700554543997
  ci_upper: 0.03058389702840382
  observed_difference: 0.022374914400896756
  p_value: 0.0
