1:
  avg_between: 0.049232528777428654
  avg_within: 0.36174678649316205
  ci_lower: 0.2991245126903446
  ci_upper: 0.3259932428613442
  observed_difference: 0.3125142577157334
  p_value: 0.0
2:
  avg_between: 0.07024431068203407
  avg_within: 0.08892349449106794
  ci_lower: 0.011183683170451354
  ci_upper: 0.02630849869742144
  observed_difference: 0.01867918380903387
  p_value: 0.0
3:
  avg_between: 0.06984678598486506
  avg_within: 0.1328898738545367
  ci_lower: 0.05346134640448817
  ci_upper: 0.07282308050052047
  observed_difference: 0.06304308786967165
  p_value: 0.0
4:
  avg_between: 0.06533111259053169
  avg_within: 0.09704707751512169
  ci_lower: 0.020987627447860965
  ci_upper: 0.04232942979243025
  observed_difference: 0.03171596492459
  p_value: 0.0
