1:
  avg_between: 0.042553224806583335
  avg_within: 0.3788310034815166
  ci_lower: 0.3260870971611226
  ci_upper: 0.34639664560122957
  observed_difference: 0.33627777867493325
  p_value: 0.0
2:
  avg_between: 0.05630413155023453
  avg_within: 0.07849701836543041
  ci_lower: 0.01632385232234369
  ci_upper: 0.0282336527066655
  observed_difference: 0.022192886815195878
  p_value: 0.0
3:
  avg_between: 0.04661401979786445
  avg_within: 0.11955188961234545
  ci_lower: 0.06401425611899918
  ci_upper: 0.0818995266516841
  observed_difference: 0.072937869814481
  p_value: 0.0
4:
  avg_between: 0.05204645576459299
  avg_within: 0.0756586312364777
  ci_lower: 0.015306214579246311
  ci_upper: 0.0321559799639129
  observed_difference: 0.02361217547188471
  p_value: 0.0
