1:
  avg_between: 0.06881101416043235
  avg_within: 0.49403202684371267
  ci_lower: 0.4128629913114593
  ci_upper: 0.43727538649857073
  observed_difference: 0.42522101268328033
  p_value: 0.0
2:
  avg_between: 0.10106240477677082
  avg_within: 0.20236533049847574
  ci_lower: 0.08912946964657029
  ci_upper: 0.113782971096928
  observed_difference: 0.10130292572170492
  p_value: 0.0
3:
  avg_between: 0.08644214347286415
  avg_within: 0.22858741641849387
  ci_lower: 0.1302224739978422
  ci_upper: 0.1539682537177213
  observed_difference: 0.14214527294562973
  p_value: 0.0
4:
  avg_between: 0.09852263061434326
  avg_within: 0.1531626449781457
  ci_lower: 0.04210641138527627
  ci_upper: 0.06792410931434345
  observed_difference: 0.05464001436380243
  p_value: 0.0
