1:
  avg_between: 0.09416750949398618
  avg_within: 0.38039773871509264
  ci_lower: 0.26904994178464975
  ci_upper: 0.30399169743977045
  observed_difference: 0.28623022922110647
  p_value: 0.0
2:
  avg_between: 0.09718002172843294
  avg_within: 0.11602419097860948
  ci_lower: 0.010113192095341627
  ci_upper: 0.027448677767333292
  observed_difference: 0.01884416925017654
  p_value: 0.0
3:
  avg_between: 0.09732591459554786
  avg_within: 0.15350921105251128
  ci_lower: 0.043088755276405634
  ci_upper: 0.06907721004351915
  observed_difference: 0.05618329645696342
  p_value: 0.0
4:
  avg_between: 0.09380590470335508
  avg_within: 0.08738484246236669
  ci_lower: -0.021273202974127957
  ci_upper: 0.008692697712000567
  observed_difference: -0.006421062240988387
  p_value: 0.8026
