1:
  avg_between: -0.029921299793419814
  avg_within: 0.45399560662733024
  ci_lower: 0.4632275277050549
  ci_upper: 0.5043262036327424
  observed_difference: 0.48391690642075
  p_value: 0.0
2:
  avg_between: -0.008280359161072719
  avg_within: 0.08075376101663347
  ci_lower: 0.06929483265820281
  ci_upper: 0.11060220883050575
  observed_difference: 0.08903412017770618
  p_value: 0.0
3:
  avg_between: -0.0004620984875747765
  avg_within: 0.2002470806534467
  ci_lower: 0.18293762746468514
  ci_upper: 0.2181160063098434
  observed_difference: 0.2007091791410215
  p_value: 0.0
4:
  avg_between: -0.0026878463775596036
  avg_within: 0.05285824431689523
  ci_lower: 0.04179581356447852
  ci_upper: 0.07000598409137714
  observed_difference: 0.05554609069445483
  p_value: 0.0
