1:
  avg_between: -0.006461506571316083
  avg_within: 0.3616343402483304
  ci_lower: 0.3554509862215509
  ci_upper: 0.38041027854929105
  observed_difference: 0.36809584681964647
  p_value: 0.0
2:
  avg_between: 0.00035130330255447265
  avg_within: 0.06865984755617571
  ci_lower: 0.059515071402515184
  ci_upper: 0.07737098119917406
  observed_difference: 0.06830854425362123
  p_value: 0.0
3:
  avg_between: 0.00519647128409497
  avg_within: 0.09888933448381045
  ci_lower: 0.08484298792381599
  ci_upper: 0.10265200566738054
  observed_difference: 0.09369286319971548
  p_value: 0.0
4:
  avg_between: 0.0022158877794517333
  avg_within: 0.04238845498752628
  ci_lower: 0.03210507078375658
  ci_upper: 0.04883559647132648
  observed_difference: 0.04017256720807455
  p_value: 0.0
