1:
  avg_between: 0.31674173555220925
  avg_within: 0.7719369689078487
  ci_lower: 0.4486341188831748
  ci_upper: 0.4616690108972286
  observed_difference: 0.45519523335563944
  p_value: 0.0
2:
  avg_between: 0.36802866568505843
  avg_within: 0.5147924205879815
  ci_lower: 0.13568859221061252
  ci_upper: 0.15788073893906682
  observed_difference: 0.14676375490292304
  p_value: 0.0
3:
  avg_between: 0.3347063253264287
  avg_within: 0.4744940757707327
  ci_lower: 0.12585736236390416
  ci_upper: 0.1541427298404182
  observed_difference: 0.13978775044430403
  p_value: 0.0
4:
  avg_between: 0.36925203527611283
  avg_within: 0.4524422662250757
  ci_lower: 0.07225841856119776
  ci_upper: 0.09446343485865782
  observed_difference: 0.08319023094896288
  p_value: 0.0
