1:
  avg_between: 0.7493514405605609
  avg_within: 0.8881761673710121
  ci_lower: 0.13507509936732784
  ci_upper: 0.142589632633897
  observed_difference: 0.13882472681045122
  p_value: 0.0
2:
  avg_between: 0.7590942910323015
  avg_within: 0.7840000461304203
  ci_lower: 0.019703219356322223
  ci_upper: 0.03010402898951764
  observed_difference: 0.024905755098118765
  p_value: 0.0
3:
  avg_between: 0.7600487523989834
  avg_within: 0.8119384270126645
  ci_lower: 0.04604082007965577
  ci_upper: 0.05789847302589788
  observed_difference: 0.0518896746136811
  p_value: 0.0
4:
  avg_between: 0.7512804671445474
  avg_within: 0.7457055381586591
  ci_lower: -0.016272275532152772
  ci_upper: 0.004488366275362895
  observed_difference: -0.0055749289858882944
  p_value: 0.8518
