1:
  avg_between: 0.14374696845063117
  avg_within: 0.35534903824051584
  ci_lower: 0.20411694258097562
  ci_upper: 0.21915075790038763
  observed_difference: 0.21160206978988466
  p_value: 0.0
2:
  avg_between: 0.14056383336929482
  avg_within: 0.13594379991223624
  ci_lower: -0.008868598228305494
  ci_upper: -0.0002158605945978762
  observed_difference: -0.004620033457058581
  p_value: 0.9819
3:
  avg_between: 0.14953878844075078
  avg_within: 0.20036616104181051
  ci_lower: 0.04488651581584253
  ci_upper: 0.05693541896339304
  observed_difference: 0.05082737260105974
  p_value: 0.0
4:
  avg_between: 0.14803508647705296
  avg_within: 0.14904779290682382
  ci_lower: -0.005378240377945168
  ci_upper: 0.0075523618237747885
  observed_difference: 0.00101270642977086
  p_value: 0.3767
