1:
  avg_between: 0.2692374693331944
  avg_within: 0.557004223905187
  ci_lower: 0.2709730064199653
  ci_upper: 0.3050309934474521
  observed_difference: 0.2877667545719926
  p_value: 0.0
2:
  avg_between: 0.2746747487408369
  avg_within: 0.2677628900732695
  ci_lower: -0.017636002820649536
  ci_upper: 0.003874796319337131
  observed_difference: -0.006911858667567439
  p_value: 0.8995
3:
  avg_between: 0.2850511932696114
  avg_within: 0.34293760338256213
  ci_lower: 0.04527837846415819
  ci_upper: 0.07086608562389413
  observed_difference: 0.057886410112950704
  p_value: 0.0
4:
  avg_between: 0.282759886305709
  avg_within: 0.30344053634776624
  ci_lower: 0.009446916282667977
  ci_upper: 0.03237986636142936
  observed_difference: 0.02068065004205727
  p_value: 0.0
