1:
  avg_between: 0.19640300303940775
  avg_within: 0.34903331123304326
  ci_lower: 0.14652858088297172
  ci_upper: 0.15863310627683036
  observed_difference: 0.15263030819363552
  p_value: 0.0
2:
  avg_between: 0.1964712002270946
  avg_within: 0.20016094052089692
  ci_lower: -0.00021809557129202057
  ci_upper: 0.007597702302063706
  observed_difference: 0.0036897402938023127
  p_value: 0.0309
3:
  avg_between: 0.20306578523753027
  avg_within: 0.23493887017702086
  ci_lower: 0.02554257949726736
  ci_upper: 0.03848813727398365
  observed_difference: 0.03187308493949059
  p_value: 0.0
4:
  avg_between: 0.19006178729119627
  avg_within: 0.18628577718181438
  ci_lower: -0.008983874079761485
  ci_upper: 0.001644550207750921
  observed_difference: -0.0037760101093818887
  p_value: 0.9187
