1:
  avg_between: 0.17650307840203605
  avg_within: 0.47086968618216923
  ci_lower: 0.2873929047361581
  ci_upper: 0.30119660843511836
  observed_difference: 0.2943666077801332
  p_value: 0.0
2:
  avg_between: 0.19147122427528548
  avg_within: 0.2203978993359487
  ci_lower: 0.02407227278831258
  ci_upper: 0.03394260855754506
  observed_difference: 0.02892667506066321
  p_value: 0.0
3:
  avg_between: 0.19927165134645755
  avg_within: 0.2743813269655636
  ci_lower: 0.06856655927309932
  ci_upper: 0.08174325339124404
  observed_difference: 0.07510967561910606
  p_value: 0.0
4:
  avg_between: 0.1917009449596084
  avg_within: 0.20492552581101778
  ci_lower: 0.007863615982856634
  ci_upper: 0.01878867078637923
  observed_difference: 0.013224580851409373
  p_value: 0.0
